0.009
0.011
-0.008
-0.003
-0.015
-0.019
-0.003
-0.027
-0.038
-0.03
-0.017
-0.023
-0.049
-0.041
-0.041
-0.047
-0.046
-0.048
-0.059
-0.049
-0.052
-0.07
-0.092
-0.076
-0.09
-0.095
-0.088
-0.083
-0.101
-0.116
-0.11
-0.108
-0.134
-0.13
-0.115
-0.118
-0.142
-0.132
-0.128
-0.152
-0.144
-0.146
-0.141
-0.139
-0.152
-0.163
-0.152
-0.14
-0.151
-0.139
-0.154
-0.165
-0.155
-0.144
-0.163
-0.156
-0.157
-0.166
-0.167
-0.165
-0.163
-0.187
-0.192
-0.172
-0.177
-0.199
-0.184
-0.185
-0.183
-0.188
-0.183
-0.185
-0.222
-0.189
-0.201
-0.197
-0.207
-0.21
-0.198
-0.206
-0.199
-0.216
-0.238
-0.213
-0.201
-0.209
-0.236
-0.219
-0.229
-0.254
-0.186
-0.23
-0.246
-0.251
-0.265
-0.261
-0.238
-0.253
-0.261
-0.252
-0.263
-0.256
-0.264
-0.243
-0.25
-0.255
-0.243
-0.248
-0.267
-0.259
-0.263
-0.248
-0.266
-0.254
-0.262
-0.27
-0.269
-0.256
-0.266
-0.277
-0.253
-0.259
-0.261
-0.28
-0.275
-0.275
-0.276
-0.261
-0.271
-0.276
-0.249
-0.258
-0.229
-0.278
-0.259
-0.256
-0.256
-0.269
-0.264
-0.276
-0.263
-0.25
-0.249
-0.265
-0.281
-0.267
-0.266
-0.271
-0.251
-0.26
-0.26
-0.264
-0.254
-0.239
-0.257
-0.261
-0.252
-0.239
-0.263
-0.258
-0.268
-0.229
-0.248
-0.231
-0.245
-0.22
-0.254
-0.244
-0.24
-0.229
-0.258
-0.226
-0.247
-0.219
-0.255
-0.252
-0.239
-0.236
-0.24
-0.221
-0.23
-0.219
-0.241
-0.242
-0.243
-0.241
-0.227
-0.229
-0.233
-0.242
-0.206
-0.217
-0.238
-0.206
-0.23
-0.22
-0.219
-0.209
-0.217
-0.203
-0.195
-0.205
-0.208
-0.172
-0.206
-0.178
-0.177
-0.201
-0.189
-0.17
-0.185
-0.166
-0.194
-0.184
-0.166
-0.18
-0.168
-0.188
-0.163
-0.159
-0.165
-0.144
-0.158
-0.145
-0.128
-0.153
-0.136
-0.141
-0.148
-0.105
-0.132
-0.121
-0.123
-0.117
-0.116
-0.107
-0.11
-0.13
-0.125
-0.093
-0.095
-0.091
-0.104
-0.094
-0.09
-0.095
-0.088
-0.1
-0.079
-0.067
-0.082
-0.071
-0.042
-0.072
-0.053
-0.064
-0.055
-0.051
-0.059
-0.026
-0.023
-0.028
-0.037
-0.023
-0.003
-0.025
-0.011
-0.017
-0.001
-0.005
0.008
0.009
-0.008
0.007
-0.008
0.006
0.019
0.012
0.022
0.03
0.026
0.031
0.031
0.05
0.034
0.061
0.048
0.049
0.071
0.067
0.073
0.043
0.056
0.048
0.075
0.047
0.05
0.023
0.026
0.021
0.033
0.015
0.013
0.003
0.007
0.008
0.008
