0.106
-0.165
-0.335
-0.532
-0.776
-0.975
-1.127
-1.37
-1.581
-1.749
-1.92
-2.157
-2.339
-2.531
-2.723
-2.902
-3.058
-3.304
-3.436
-3.664
-3.774
-4.015
-4.135
-4.369
-4.457
-4.67
-4.83
-4.944
-5.112
-5.271
-5.452
-5.624
-5.803
-5.94
-6.133
-6.245
-6.369
-6.56
-6.681
-6.861
-7.018
-7.142
-7.33
-7.439
-7.613
-7.713
-7.903
-7.957
-8.062
-8.299
-8.421
-8.546
-8.677
-8.825
-8.922
-9.082
-9.159
-9.247
-9.429
-9.528
-9.651
-9.809
-9.879
-9.933
-10.2
-10.139
-10.283
-10.49
-10.485
-10.507
-10.773
-10.809
-10.902
-11.034
-11.063
-11.178
-11.311
-11.419
-11.537
-11.686
-11.663
-11.766
-11.92
-12.073
-12.001
-12.156
-12.152
-12.181
-12.419
-12.491
-12.44
-12.594
-12.662
-12.776
-12.806
-12.867
-12.984
-13.017
-13.068
-13.103
-13.186
-13.29
-13.281
-13.352
-13.412
-13.496
-13.556
-13.677
-13.669
-13.708
-13.678
-13.8
-13.908
-13.936
-14.007
-13.976
-14.013
-14.069
-14.139
-14.194
-14.259
-14.223
-14.356
-14.381
-14.361
-14.46
-14.502
-14.472
-14.477
-14.547
-14.595
-14.62
-14.65
-14.66
-14.715
-14.682
-14.748
-14.763
-14.793
-14.773
-14.836
-14.849
-14.833
-14.882
-14.863
-14.901
-14.917
-14.905
-14.926
-14.956
-14.854
-14.943
-14.944
-14.927
-14.949
-14.941
-14.94
-14.944
-14.94
-14.916
-14.945
-14.883
-14.919
-14.884
-14.889
-14.874
-14.846
-14.859
-14.841
-14.836
-14.775
-14.779
-14.83
-14.693
-14.726
-14.72
-14.718
-14.593
-14.606
-14.566
-14.534
-14.517
-14.48
-14.432
-14.45
-14.375
-14.35
-14.321
-14.28
-14.246
-14.105
-14.167
-14.119
-14.079
-13.985
-13.949
-13.9
-13.834
-13.848
-13.756
-13.725
-13.689
-13.608
-13.534
-13.463
-13.417
-13.334
-13.321
-13.281
-13.182
-13.126
-13.015
-12.954
-12.91
-12.841
-12.765
-12.693
-12.648
-12.509
-12.511
-12.371
-12.314
-12.256
-12.142
-12.05
-11.976
-11.876
-11.801
-11.747
-11.613
-11.545
-11.452
-11.336
-11.28
-11.141
-11.073
-10.957
-10.843
-10.747
-10.659
-10.52
-10.484
-10.335
-10.198
-10.138
-10.026
-9.918
-9.825
-9.648
-9.527
-9.446
-9.339
-9.209
-9.094
-8.995
-8.84
-8.706
-8.606
-8.452
-8.346
-8.196
-8.059
-7.924
-7.801
-7.671
-7.539
-7.357
-7.266
-7.107
-6.946
-6.797
-6.635
-6.505
-6.377
-6.225
-6.059
-5.891
-5.73
-5.562
-5.403
-5.257
-5.105
-4.945
-4.776
-4.595
-4.423
-4.265
-4.05
-3.895
-3.729
-3.548
-3.351
-3.189
-2.996
-2.817
-2.627
-2.432
-2.235
-2.061
-1.84
-1.659
-1.491
-1.287
-1.079
-0.884
-0.68
-0.472
-0.296
-0.088
0.027
