0.015
0.024
0
-0.012
-0.002
-0.042
-0.013
-0.05
-0.034
-0.049
-0.03
-0.058
-0.048
-0.058
-0.049
-0.057
-0.079
-0.117
-0.104
-0.106
-0.125
-0.119
-0.121
-0.135
-0.133
-0.131
-0.17
-0.172
-0.169
-0.173
-0.169
-0.194
-0.184
-0.213
-0.202
-0.21
-0.22
-0.213
-0.243
-0.226
-0.229
-0.263
-0.23
-0.26
-0.275
-0.287
-0.281
-0.295
-0.275
-0.286
-0.281
-0.301
-0.305
-0.298
-0.321
-0.322
-0.352
-0.34
-0.329
-0.339
-0.345
-0.35
-0.345
-0.349
-0.346
-0.372
-0.377
-0.363
-0.39
-0.388
-0.393
-0.392
-0.403
-0.41
-0.405
-0.408
-0.413
-0.423
-0.429
-0.427
-0.421
-0.434
-0.447
-0.452
-0.444
-0.435
-0.446
-0.465
-0.457
-0.461
-0.477
-0.461
-0.494
-0.466
-0.471
-0.485
-0.497
-0.488
-0.488
-0.516
-0.501
-0.488
-0.507
-0.497
-0.508
-0.508
-0.503
-0.536
-0.511
-0.51
-0.514
-0.505
-0.533
-0.514
-0.522
-0.503
-0.534
-0.54
-0.543
-0.539
-0.521
-0.541
-0.53
-0.538
-0.536
-0.554
-0.545
-0.543
-0.549
-0.556
-0.564
-0.551
-0.555
-0.548
-0.56
-0.558
-0.555
-0.549
-0.565
-0.556
-0.567
-0.563
-0.556
-0.565
-0.554
-0.57
-0.56
-0.566
-0.564
-0.581
-0.56
-0.551
-0.562
-0.567
-0.572
-0.552
-0.57
-0.54
-0.557
-0.561
-0.568
-0.536
-0.561
-0.567
-0.56
-0.563
-0.559
-0.544
-0.543
-0.546
-0.556
-0.565
-0.547
-0.538
-0.55
-0.522
-0.536
-0.534
-0.538
-0.539
-0.526
-0.53
-0.523
-0.519
-0.505
-0.521
-0.499
-0.491
-0.498
-0.504
-0.484
-0.509
-0.501
-0.516
-0.511
-0.467
-0.487
-0.489
-0.484
-0.489
-0.485
-0.468
-0.481
-0.466
-0.456
-0.466
-0.469
-0.474
-0.463
-0.441
-0.455
-0.462
-0.455
-0.447
-0.435
-0.428
-0.431
-0.406
-0.42
-0.41
-0.419
-0.409
-0.403
-0.382
-0.396
-0.37
-0.38
-0.388
-0.381
-0.37
-0.363
-0.358
-0.348
-0.345
-0.35
-0.366
-0.337
-0.311
-0.311
-0.328
-0.32
-0.31
-0.307
-0.294
-0.288
-0.288
-0.279
-0.282
-0.26
-0.264
-0.248
-0.249
-0.244
-0.249
-0.237
-0.231
-0.22
-0.221
-0.212
-0.212
-0.217
-0.181
-0.178
-0.193
-0.175
-0.173
-0.141
-0.147
-0.157
-0.119
-0.151
-0.118
-0.13
-0.127
-0.128
-0.086
-0.112
-0.086
-0.073
-0.06
-0.077
-0.057
-0.059
-0.03
-0.015
-0.031
-0.033
-0.01
-0.003
0.023
0.022
0.014
0.012
