0.016
-0.01
0.01
0.017
-0.011
0.022
-0.037
-0.04
-0.112
-0.166
-0.209
-0.265
-0.339
-0.371
-0.438
-0.523
-0.541
-0.594
-0.646
-0.71
-0.767
-0.851
-0.887
-0.943
-1.009
-1.107
-1.147
-1.181
-1.292
-1.329
-1.372
-1.41
-1.418
-1.518
-1.576
-1.637
-1.682
-1.708
-1.763
-1.817
-1.888
-1.92
-1.976
-2.005
-2.132
-2.124
-2.203
-2.243
-2.278
-2.337
-2.371
-2.467
-2.474
-2.504
-2.589
-2.603
-2.657
-2.715
-2.773
-2.808
-2.844
-2.856
-2.921
-2.937
-2.989
-3.063
-3.099
-3.117
-3.187
-3.244
-3.263
-3.29
-3.336
-3.345
-3.408
-3.41
-3.527
-3.504
-3.539
-3.554
-3.642
-3.665
-3.651
-3.745
-3.771
-3.791
-3.812
-3.85
-3.892
-3.921
-3.965
-3.974
-3.989
-4.031
-4.062
-4.118
-4.132
-4.13
-4.143
-4.194
-4.203
-4.248
-4.264
-4.278
-4.329
-4.342
-4.37
-4.373
-4.356
-4.429
-4.447
-4.498
-4.534
-4.468
-4.543
-4.558
-4.572
-4.597
-4.598
-4.619
-4.634
-4.616
-4.66
-4.672
-4.69
-4.737
-4.74
-4.731
-4.765
-4.74
-4.759
-4.79
-4.819
-4.822
-4.828
-4.856
-4.834
-4.855
-4.852
-4.861
-4.857
-4.898
-4.895
-4.918
-4.888
-4.922
-4.922
-4.918
-4.903
-4.917
-4.93
-4.935
-4.953
-4.942
-4.94
-4.94
-4.943
-4.931
-4.935
-4.942
-4.93
-4.927
-4.943
-4.928
-4.921
-4.937
-4.915
-4.879
-4.917
-4.908
-4.898
-4.886
-4.887
-4.864
-4.888
-4.869
-4.834
-4.839
-4.832
-4.842
-4.824
-4.827
-4.778
-4.81
-4.786
-4.789
-4.754
-4.747
-4.71
-4.725
-4.707
-4.692
-4.662
-4.674
-4.637
-4.635
-4.617
-4.597
-4.602
-4.559
-4.53
-4.505
-4.507
-4.466
-4.475
-4.451
-4.418
-4.391
-4.363
-4.363
-4.313
-4.312
-4.257
-4.235
-4.226
-4.219
-4.184
-4.139
-4.12
-4.072
-4.065
-4.045
-4.015
-3.993
-3.964
-3.906
-3.891
-3.876
-3.823
-3.795
-3.764
-3.741
-3.726
-3.655
-3.637
-3.623
-3.569
-3.55
-3.496
-3.458
-3.405
-3.4
-3.349
-3.335
-3.266
-3.217
-3.209
-3.16
-3.103
-3.093
-3.041
-2.972
-2.951
-2.904
-2.862
-2.823
-2.783
-2.729
-2.703
-2.64
-2.605
-2.544
-2.5
-2.471
-2.392
-2.353
-2.317
-2.278
-2.248
-2.196
-2.141
-2.047
-2.026
-1.97
-1.905
-1.879
-1.8
-1.773
-1.718
-1.68
-1.623
-1.571
-1.51
-1.446
-1.404
-1.332
-1.292
-1.217
-1.166
-1.094
-1.042
-0.998
-0.93
-0.871
-0.823
-0.762
-0.712
-0.653
-0.604
-0.527
-0.474
-0.428
-0.379
-0.318
-0.284
-0.219
-0.163
-0.105
-0.04
0.001
