0.003
-0.005
-0.02
-0.022
-0.036
-0.055
-0.065
-0.072
-0.104
-0.109
-0.125
-0.136
-0.178
-0.185
-0.183
-0.211
-0.235
-0.237
-0.255
-0.281
-0.265
-0.288
-0.318
-0.341
-0.347
-0.347
-0.366
-0.377
-0.393
-0.393
-0.413
-0.427
-0.44
-0.463
-0.455
-0.476
-0.475
-0.491
-0.527
-0.519
-0.542
-0.536
-0.568
-0.578
-0.587
-0.598
-0.597
-0.628
-0.628
-0.639
-0.653
-0.651
-0.672
-0.68
-0.707
-0.712
-0.725
-0.721
-0.732
-0.746
-0.76
-0.768
-0.765
-0.795
-0.786
-0.809
-0.79
-0.819
-0.828
-0.849
-0.848
-0.877
-0.865
-0.869
-0.881
-0.905
-0.889
-0.907
-0.918
-0.902
-0.932
-0.927
-0.929
-0.933
-0.966
-0.971
-0.976
-0.959
-0.988
-0.982
-1
-0.976
-1.014
-1.026
-1.015
-1.035
-1.03
-1.048
-1.043
-1.052
-1.042
-1.054
-1.056
-1.074
-1.078
-1.086
-1.099
-1.093
-1.073
-1.092
-1.116
-1.111
-1.121
-1.123
-1.124
-1.128
-1.132
-1.121
-1.142
-1.124
-1.127
-1.135
-1.139
-1.117
-1.142
-1.139
-1.152
-1.153
-1.153
-1.165
-1.17
-1.177
-1.162
-1.185
-1.163
-1.153
-1.177
-1.172
-1.158
-1.174
-1.165
-1.168
-1.165
-1.198
-1.158
-1.157
-1.188
-1.174
-1.181
-1.175
-1.199
-1.182
-1.182
-1.171
-1.192
-1.176
-1.189
-1.186
-1.186
-1.183
-1.19
-1.171
-1.167
-1.169
-1.178
-1.157
-1.171
-1.174
-1.161
-1.156
-1.156
-1.164
-1.166
-1.154
-1.149
-1.14
-1.135
-1.135
-1.135
-1.142
-1.128
-1.137
-1.124
-1.128
-1.119
-1.096
-1.116
-1.097
-1.091
-1.097
-1.066
-1.101
-1.091
-1.053
-1.072
-1.06
-1.062
-1.041
-1.03
-1.062
-1.031
-1.035
-1.022
-1.015
-1.02
-1.011
-1.012
-1.004
-0.989
-0.984
-0.99
-0.97
-0.965
-0.962
-0.952
-0.946
-0.924
-0.933
-0.92
-0.906
-0.898
-0.901
-0.892
-0.885
-0.868
-0.858
-0.848
-0.848
-0.845
-0.819
-0.808
-0.819
-0.791
-0.772
-0.768
-0.766
-0.766
-0.758
-0.733
-0.739
-0.727
-0.7
-0.708
-0.681
-0.654
-0.649
-0.653
-0.643
-0.634
-0.59
-0.609
-0.583
-0.557
-0.56
-0.531
-0.544
-0.543
-0.526
-0.511
-0.498
-0.497
-0.455
-0.444
-0.454
-0.42
-0.419
-0.411
-0.41
-0.378
-0.364
-0.352
-0.341
-0.334
-0.319
-0.288
-0.283
-0.31
-0.253
-0.24
-0.224
-0.209
-0.189
-0.193
-0.184
-0.173
-0.155
-0.14
-0.111
-0.136
-0.076
-0.066
-0.052
-0.003
-0.041
-0.015
-0.019
0.015
0.039
0.045
0.013
0.015
0.057
0.022
0.017
0.048
0.016
0.022
0.026
0.032
0.03
