0.003
-0.005
0.007
-0.01
-0.022
-0.01
-0.026
-0.016
-0.031
-0.029
-0.024
-0.038
-0.073
-0.04
-0.03
-0.046
-0.064
-0.06
-0.074
-0.061
-0.083
-0.091
-0.09
-0.081
-0.12
-0.093
-0.105
-0.116
-0.114
-0.12
-0.145
-0.121
-0.145
-0.134
-0.133
-0.143
-0.155
-0.16
-0.157
-0.164
-0.17
-0.171
-0.176
-0.186
-0.202
-0.184
-0.165
-0.186
-0.195
-0.206
-0.212
-0.207
-0.188
-0.228
-0.204
-0.224
-0.226
-0.228
-0.211
-0.223
-0.247
-0.243
-0.25
-0.255
-0.232
-0.249
-0.269
-0.246
-0.206
-0.261
-0.253
-0.262
-0.273
-0.259
-0.255
-0.265
-0.269
-0.285
-0.289
-0.287
-0.29
-0.28
-0.3
-0.281
-0.29
-0.287
-0.279
-0.299
-0.293
-0.309
-0.306
-0.299
-0.288
-0.301
-0.304
-0.308
-0.326
-0.311
-0.336
-0.329
-0.323
-0.33
-0.315
-0.322
-0.335
-0.322
-0.35
-0.342
-0.342
-0.326
-0.326
-0.345
-0.345
-0.335
-0.339
-0.343
-0.356
-0.341
-0.358
-0.35
-0.348
-0.349
-0.327
-0.358
-0.365
-0.346
-0.357
-0.366
-0.338
-0.359
-0.341
-0.349
-0.339
-0.34
-0.354
-0.345
-0.362
-0.363
-0.363
-0.355
-0.349
-0.351
-0.354
-0.363
-0.363
-0.353
-0.36
-0.366
-0.344
-0.356
-0.343
-0.356
-0.34
-0.334
-0.325
-0.341
-0.34
-0.338
-0.355
-0.351
-0.34
-0.336
-0.344
-0.356
-0.34
-0.316
-0.334
-0.34
-0.316
-0.344
-0.327
-0.339
-0.329
-0.337
-0.351
-0.317
-0.316
-0.325
-0.308
-0.333
-0.341
-0.333
-0.324
-0.321
-0.32
-0.316
-0.299
-0.332
-0.31
-0.305
-0.304
-0.304
-0.308
-0.3
-0.315
-0.293
-0.279
-0.311
-0.301
-0.298
-0.303
-0.308
-0.302
-0.3
-0.31
-0.276
-0.277
-0.254
-0.261
-0.261
-0.218
-0.269
-0.247
-0.26
-0.265
-0.253
-0.255
-0.218
-0.245
-0.255
-0.226
-0.244
-0.235
-0.225
-0.215
-0.17
-0.203
-0.209
-0.228
-0.195
-0.186
-0.196
-0.182
-0.157
-0.183
-0.152
-0.153
-0.168
-0.163
-0.153
-0.147
-0.146
-0.149
-0.151
-0.152
-0.146
-0.13
-0.118
-0.135
-0.132
-0.12
-0.116
-0.105
-0.108
-0.106
-0.116
-0.1
-0.11
-0.086
-0.089
-0.09
-0.084
-0.071
-0.056
-0.075
-0.076
-0.067
-0.075
-0.052
-0.059
-0.065
-0.043
-0.058
-0.066
-0.035
-0.048
-0.03
-0.031
-0.017
-0.013
-0.014
-0.012
0.054
-0.006
-0.008
0.012
0.022
-0.002
0.018
0.022
0.014
-0.12
0.041
0.029
0.031
0.023
-0.005
0.036
0.024
0.035
0.037
0.049
0.022
-0.01
0.032
